[Location]
X=-21.095461
Y=-1458.814697
Z=30.610090
