[Location]
X=4.383996
Y=-120.121925
Z=56.308739
