[Location]
X=-1105.251343
Y=-2979.051514
Z=13.944848
